,ID,101,102,103,104,106,108,109
0,466391.0,0.9967605625282676,0.002554176393810661,0.0006820015422360795,9.631103990215865e-07,2.3220305279885314e-07,8.756703852172481e-07,1.1885518236379854e-06
1,466391.0,0.9934030254770637,0.005529688605118089,0.0010646053288002413,8.252061131076405e-07,2.913032239269199e-07,8.753027609482059e-07,6.887769036548033e-07
2,466391.0,0.9936234016049659,0.0054421700167529,0.0009329730889863802,4.325943369842504e-07,1.3108351907825058e-07,4.897499407258655e-07,4.018615180301363e-07
3,466391.0,0.9956626750657048,0.0036867317313834247,0.0006471832471203818,1.1586871510809328e-06,2.5598243959908835e-07,9.031425866446951e-07,1.0921436273687813e-06
4,466391.0,0.9862116689231595,0.011788685614903307,0.001971724171013061,8.946335322991974e-06,2.7676286629389335e-06,7.5527938082095385e-06,8.654533146226711e-06
5,466391.0,0.9911550869285398,0.007453192636753472,0.0013852984505770595,1.8240277497658192e-06,5.892429566129207e-07,1.8084453392026545e-06,2.20026808030318e-06
6,466391.0,0.992542727576787,0.006271435876975094,0.0011791253443548988,1.8371358480460587e-06,6.849191845525697e-07,1.7628371767694293e-06,2.4263096483352876e-06
7,466391.0,0.9972687863185474,0.0021807674223509863,0.0005449558539226329,1.594462309631332e-06,6.257871601236608e-07,1.5067768619354165e-06,1.7633788591969695e-06
8,466391.0,0.9980058758932873,0.0018125132760638699,0.00017998474326884285,4.67464857399216e-07,2.115626528945896e-07,4.183893377065298e-07,5.286705384087792e-07
9,466391.0,0.9958957086951308,0.003772511797132669,0.00032946067696173575,7.332490175849532e-07,2.4518524999166225e-07,6.282824639963701e-07,7.121140391607496e-07
10,466391.0,0.992600489317859,0.006232759914032574,0.0011606309980500466,1.5144279605783846e-06,4.2200796417430713e-07,1.595560944586597e-06,2.5877731880911193e-06
11,466391.0,0.9964071606342214,0.002988090068032034,0.0006032709282817855,4.546916102374993e-07,1.381759826852927e-07,4.266624751651764e-07,4.5883940545285617e-07
12,466391.0,0.99559971300954,0.0037949321558909325,0.0006029833351321013,6.398512337201293e-07,2.925179126273398e-07,7.519621668769916e-07,6.871681252636898e-07
13,466391.0,0.9978963929084024,0.0018746548508913191,0.0002277845313432676,2.82565814809823e-07,8.560608211265207e-08,3.1061154804345766e-07,4.889259182823928e-07
14,466391.0,0.9951498002585156,0.0037857093142394764,0.0010606673569852221,1.1236750008346477e-06,2.977811075650154e-07,1.0483491572652497e-06,1.3532649810043348e-06
15,466391.0,0.9882328372798657,0.009734985225007506,0.0020143250653215077,4.736656975874752e-06,1.4278988422427935e-06,4.873233703539157e-06,6.814640277802307e-06
16,466391.0,0.9934111957219895,0.005428507291467748,0.0011544955852198515,1.7794291730374576e-06,3.6738576544403934e-07,1.5747754732624695e-06,2.0798108958532555e-06
17,466391.0,0.9968258665686838,0.002940382001343198,0.0002319507362526642,4.1466521798453054e-07,1.644713758978314e-07,4.971313327119651e-07,7.244257694301276e-07
18,466391.0,0.9950517937044953,0.0040252655565335875,0.0009182705291197441,1.0348448986619519e-06,3.059087256012355e-07,1.1911114789842902e-06,2.138344774388382e-06
19,466391.0,0.9948304224663662,0.004293660234490881,0.0008740049824287259,5.733868185417971e-07,1.721235887531812e-07,5.587695867733833e-07,6.080367435134211e-07
20,466391.0,0.9953090798209759,0.003915810841244789,0.0007719818748626714,8.98115915835077e-07,3.330774518417584e-07,8.525051650273712e-07,1.0437643807543352e-06
21,466391.0,0.9863342869754489,0.011473743177743804,0.002178268989961974,3.850799422193033e-06,1.1882052075955157e-06,3.832484246899501e-06,4.829367993330115e-06
22,466391.0,0.9892947350118185,0.008736787009395864,0.0019544208981015516,4.360686265102343e-06,1.6241003809043247e-06,4.243060063217477e-06,3.829233946571309e-06
23,466391.0,0.9856992660308466,0.011768256739802615,0.0025142104999700695,4.707708429828703e-06,1.5029062819151374e-06,4.536246598357987e-06,7.519868070932158e-06
24,466391.0,0.9971176709914507,0.002434681150315161,0.0004470437088263157,1.9155626494205287e-07,6.101260692777887e-08,2.1966785610713165e-07,1.3191268122504938e-07
25,466391.0,0.9945104461798406,0.004615257359080112,0.0008678298210963688,2.022884986172507e-06,5.287543061215752e-07,1.8332942593980006e-06,2.0817064477928043e-06
26,466391.0,0.9933952899783206,0.005658427399384783,0.0009420149955228974,1.1748076549846104e-06,4.196050355338395e-07,1.359074375038114e-06,1.3141396919806485e-06
27,466391.0,0.9974542734939024,0.0021102124378087786,0.000434156521471724,3.273862328104082e-07,1.6502772503640994e-07,3.669752371814607e-07,4.981576231319003e-07
28,466391.0,0.9953566022520955,0.003508730629103773,0.001130639048408453,1.052382833862966e-06,3.1786697313873876e-07,1.061673414428566e-06,1.5961471642340782e-06
29,466391.0,0.9973875469405595,0.002157599345753242,0.0004528118517227621,5.127007244910601e-07,2.1694802307171708e-07,5.250712938433032e-07,7.871419246599615e-07
30,466391.0,0.9952148626817863,0.004107242481562412,0.0006723257214463255,1.7944902526603815e-06,4.368005635147668e-07,1.2783925598682483e-06,2.0594318321586556e-06
31,466391.0,0.995752680154016,0.003557463078030005,0.0006880328103295315,5.165506738896598e-07,1.497078169999628e-07,4.723266411049887e-07,6.853725162893224e-07
32,466391.0,0.9936894036340947,0.005079189286138149,0.0012226704440394833,1.7842835533693972e-06,4.4391202338928384e-07,1.978334569304373e-06,4.53010556911215e-06
33,466391.0,0.9931716622046496,0.006086967446630053,0.0007351777660076914,1.5689746876576551e-06,5.333606332433974e-07,1.8946313166409292e-06,2.1956160595854405e-06
34,466391.0,0.9929283159178455,0.0056506874443004755,0.0014175602725826767,9.300194332326173e-07,2.794162417578626e-07,9.721367537092455e-07,1.254792865776433e-06
35,466391.0,0.9914119334715517,0.006786933459170568,0.0017883899225231577,3.209614212969335e-06,1.2181322053052769e-06,3.3229085015251357e-06,4.992491861282775e-06
36,466391.0,0.9962392403089849,0.0029575758188116956,0.0008020163250435806,3.025370904744411e-07,1.1450995165737279e-07,3.856838060967332e-07,3.648163031495504e-07
37,466391.0,0.9976388765409687,0.0020403805462179806,0.00031938948123618773,3.321965990233105e-07,1.1756606396827458e-07,3.6993243775496447e-07,5.337364726148729e-07
38,466391.0,0.9877978940360244,0.009349448904185535,0.002827241083055365,7.476648067046887e-06,2.3923459351979247e-06,6.758705568449091e-06,8.788277184341255e-06
39,466391.0,0.9928035625186594,0.006002800580948569,0.0011823251330071462,2.361453944383322e-06,9.504687173331921e-07,2.771680176255504e-06,5.2281645557875565e-06
40,466391.0,0.9904302362364356,0.007692856899246997,0.0018675392546851832,2.479591604429126e-06,7.932691029051564e-07,2.928069958000724e-06,3.166678992293988e-06
41,466391.0,0.9959926399030764,0.0035483168598887402,0.00045725607757929896,5.046809098106174e-07,1.6913911028723024e-07,5.105234623027026e-07,6.028159637912024e-07
42,466391.0,0.990333311386814,0.008005386986863991,0.001659495777878947,5.726169528635947e-07,8.247841888520659e-08,4.4808160795503984e-07,7.026714489244201e-07
43,466391.0,0.994968412533256,0.0042356082728210375,0.0007955620633246482,1.2972489283433713e-07,2.778698519637294e-08,1.299959846535463e-07,1.2962276109691222e-07
44,466391.0,0.9937921223811538,0.005172547673733878,0.0010325412185067063,6.437035416822702e-07,1.976889814289383e-07,7.862234300263093e-07,1.1611106785522627e-06
45,466391.0,0.9948172974370636,0.00422281542587737,0.0009567888908000683,9.880427315505924e-07,3.269243721407681e-07,9.38235137185241e-07,8.450440057374307e-07
46,466391.0,0.9948686966618511,0.004621544639157846,0.0005064744090275858,9.128842751257788e-07,2.9516151398038864e-07,9.14909303309984e-07,1.1613348903505763e-06
47,466391.0,0.995763256011606,0.003290639741439365,0.0009442408166378587,5.036942102754327e-07,1.490736320377435e-07,5.360555466550304e-07,6.74606935639597e-07
48,466391.0,0.9964609097896389,0.0026493192170087563,0.0008876022470735709,2.815939412194991e-07,9.219422111740028e-08,4.1693461599385777e-07,1.3780235284454578e-06
49,466391.0,0.9951303829299475,0.003746107686568399,0.0011225373875765328,2.4472326109189826e-07,7.080798920575216e-08,3.04018451945747e-07,3.5244618153157075e-07
50,466391.0,0.9979356163114714,0.001707283148055948,0.0003554279424499082,3.4154085010752653e-07,1.3024824978514368e-07,3.568920380688308e-07,8.439168597861345e-07
51,466391.0,0.9976899994571947,0.0019775497521039224,0.0003291008416575461,6.924486310156479e-07,3.1999243904436817e-07,7.446464193608191e-07,1.5928615466895986e-06
52,466391.0,0.995368827150925,0.0036119925229611207,0.001015793025043783,5.801453042655431e-07,1.6030134345550091e-07,6.953039006882809e-07,1.9515505171014513e-06
53,466391.0,0.9959822868357759,0.003413643003278701,0.0006000959421446853,7.828786500828487e-07,3.7756224890936663e-07,8.875634303863381e-07,1.9262144762540026e-06
54,466391.0,0.9952945781269461,0.003980382421183192,0.0007194869240582957,1.265828346118696e-06,4.3494362545715795e-07,1.304996441724084e-06,2.5467593838871472e-06
55,466391.0,0.9972103564103995,0.0025292500704368177,0.0002593078731063985,3.2981704544594924e-07,9.918926726456533e-08,2.6487591384756353e-07,3.9176380518732345e-07
56,466391.0,0.9975384079492059,0.0021211751436913603,0.00033830591749504593,5.017730271220155e-07,1.4825683661680274e-07,4.3179210822097544e-07,1.0291676215678367e-06
57,466391.0,0.9968483788729277,0.002317344005577199,0.0008330884275615144,2.482051965461976e-07,5.914511682127444e-08,2.3349204153348269e-07,6.478515667835657e-07
58,466391.0,0.9941536402047687,0.005167999198684708,0.0006755988778357839,6.451624211377058e-07,2.4211625035991145e-07,6.410268455964008e-07,1.233413173067154e-06
59,466391.0,0.9842527135262609,0.013699342566552248,0.002027826774207652,5.469368376998305e-06,2.2684289480030156e-06,5.729950401743363e-06,6.649385232098959e-06
60,466391.0,0.9919571192248976,0.0070540627736331955,0.0009799824834526908,2.4724255285177024e-06,8.001493550311884e-07,2.148519933375178e-06,3.4144232261803647e-06
61,466391.0,0.9970214135329011,0.0022745932030531135,0.000702327092917369,1.8657530278165145e-07,4.09519102548001e-08,1.933099216631398e-07,1.2453339750351943e-06
62,466391.0,0.9971006319776539,0.002301761700344794,0.0005962094073685597,3.5835416506535986e-07,8.392336278285423e-08,3.309425441412244e-07,6.236945437020574e-07
63,466391.0,0.992072134020357,0.005855153135816606,0.002070019727104794,8.844266305402974e-07,2.590445853572835e-07,7.32448931696738e-07,8.171965500157783e-07
64,466391.0,0.9870701335070086,0.009590374484006445,0.003328500902782845,2.311691348869077e-06,6.703850265488061e-07,2.4414571804574663e-06,5.567572628614973e-06
65,466391.0,0.9970508233073606,0.00249339006413717,0.00045487676013667783,1.887329439056384e-07,1.0668493756969788e-07,2.68877951106716e-07,3.4557255532615067e-07
66,466391.0,0.9942293128958205,0.004868136497116282,0.0008968157063794655,1.313168204166849e-06,3.9166424728000877e-07,1.2639617826213848e-06,2.7661064333610364e-06
67,466391.0,0.9957331733528599,0.0037508295046246565,0.0005142298921115121,5.334964857344588e-07,1.7563605233504918e-07,5.255884617777188e-07,5.325294105904677e-07
68,466391.0,0.992088820676371,0.006318698460080324,0.0015906737541686075,6.013167735242754e-07,1.3390502100215726e-07,5.748294951013189e-07,4.970580758121078e-07
69,466391.0,0.9922411852568518,0.0065558979406713635,0.0011931616973964818,2.758752667722606e-06,7.592937203870649e-07,2.6089152762299725e-06,3.628143399710387e-06
70,466391.0,0.9913431416118996,0.0069801821558746965,0.0016636276559664415,2.4496400976579586e-06,1.0912735041158856e-06,2.958859811905474e-06,6.548802841110223e-06
71,466391.0,0.9928704469165744,0.0056560702071534645,0.0014716414663769142,5.20727375813791e-07,1.2779891625268507e-07,5.864478219970727e-07,6.064357882230413e-07
72,466391.0,0.9969150768501841,0.0025851894798805818,0.000496918103752716,5.597053502903436e-07,2.4214236788841043e-07,7.017760079417003e-07,1.3119424635860637e-06
73,466391.0,0.9988365707586804,0.0009529933797607079,0.00021008256500888484,6.39181051268078e-08,2.204368610523098e-08,7.335958955290311e-08,1.9397517557435532e-07
74,466391.0,0.9974099358029604,0.0020984216936296503,0.0004901256913761795,4.0176812035620074e-07,2.3663382076964586e-07,4.833869133253348e-07,3.9502316744653364e-07
75,466391.0,0.9970467586597991,0.0023313467508573396,0.0006191323630442835,6.458409939365566e-07,3.7816370091702113e-07,7.828331010178128e-07,9.55388482582069e-07
76,466391.0,0.9973014127909696,0.0024342170900318325,0.00026286220310327486,2.961874141992238e-07,8.787625683223752e-08,2.848611822925459e-07,8.389910212429837e-07
77,466391.0,0.9967346359752547,0.003046520913400587,0.00021770588985431104,2.3603475165148724e-07,9.633868383341279e-08,2.680467075066283e-07,5.368013217539931e-07
78,466391.0,0.9985243769276541,0.0013290928258027647,0.00014562550455504,2.5215847003678316e-07,9.008882471016114e-08,2.251324194737063e-07,3.373622899810153e-07
79,466391.0,0.998260443044668,0.0014454110560223115,0.0002938349931302213,8.926338906657698e-08,2.8983969475624323e-08,9.130976095490732e-08,1.0134907705763759e-07
80,466391.0,0.9966644694681899,0.0028703755367841866,0.00046488313076247894,1.0229893266163165e-07,1.7711268298077894e-08,9.584998379210985e-08,5.600408665159019e-08
81,466391.0,0.9984142866180317,0.001363689651127483,0.00022172070871323085,7.909113735195733e-08,2.921593110056291e-08,9.978000508059778e-08,9.493502803808045e-08
82,466391.0,0.9975270699114396,0.0019266206791241954,0.0005454095848552094,2.2127875992068866e-07,9.386751641900859e-08,2.726905527099096e-07,3.119877421877294e-07
83,466391.0,0.9821885919636176,0.013071801256910287,0.0047201186039236296,5.4190061824514075e-06,2.3333436943765193e-06,6.897137437309539e-06,4.838688258626774e-06
84,466391.0,0.9955175774532157,0.003737204337542168,0.0007426678080447534,6.51309163099498e-07,1.890432254440334e-07,7.679550127864528e-07,9.420937678305057e-07
85,466391.0,0.9939893865380139,0.004562828637255947,0.0014456646486365645,5.633399697570513e-07,2.2199483707552888e-07,6.377714880598746e-07,6.970698051923707e-07
86,466391.0,0.9950682871766721,0.0037391263832958176,0.0011902964397105219,5.733629353428643e-07,2.7331795245659713e-07,6.070987592198939e-07,8.362206610324171e-07
87,466391.0,0.99646248162977,0.0028105359561093777,0.0007257342009664803,3.2369566811054746e-07,1.5449131343428989e-07,3.941998484408518e-07,3.758263038977296e-07
88,466391.0,0.9962398129349758,0.0030426208752997244,0.0007148510501592422,5.17710669542868e-07,2.657238885296454e-07,6.444957872682854e-07,1.2872092079590054e-06
89,466391.0,0.997486109839707,0.0021541099351438794,0.00035936740287912354,1.219877865178743e-07,3.758735938652372e-08,1.204801518198732e-07,1.3276698575473228e-07
90,466391.0,0.9788695023420466,0.017776073750561974,0.0033270637710689213,8.59480533860142e-06,2.9670649257022073e-06,8.05755206687875e-06,7.740714000028381e-06
91,466391.0,0.9562203177168043,0.036975580626417946,0.006768593373590054,1.285076535311273e-05,3.6083364019335125e-06,1.0911098594662492e-05,8.138082841862895e-06
92,466391.0,0.9956795920646039,0.003300567045488449,0.0010176083622175519,6.774908717676654e-07,2.853303571157925e-07,6.378818651470694e-07,6.318246197114803e-07
93,466391.0,0.997230428812794,0.0026053792777995257,0.00016279030969702614,4.2149842552878045e-07,1.1229156264827535e-07,4.3955529741693454e-07,4.2825440242670573e-07
94,466391.0,0.9978536774105305,0.0019104047043776364,0.000235060814229276,2.3511461715739716e-07,7.4582692426354e-08,2.344960471305404e-07,3.128775104379995e-07
0,398090.0,0.9916034970422627,0.003858241640059105,0.004537475613502948,2.491177245343513e-07,3.504748756169272e-08,3.72652372597459e-07,1.2888658843982823e-07
1,398090.0,0.8023158266485682,0.04194347797252455,0.15570196657189353,1.2077933769466114e-05,2.0261765726831193e-06,1.8449411584920665e-05,6.175285102397861e-06
2,398090.0,0.9645451102352777,0.007821784910081243,0.027630578181261266,6.209008614878223e-07,1.5935396466802703e-07,1.4736658787019869e-06,2.727526752878617e-07
3,398090.0,0.970702840386805,0.010676427704700878,0.01861565423855681,1.415642827252478e-06,3.0294177703149763e-07,2.751832406766151e-06,6.072529293791257e-07
4,398090.0,0.9087585478976218,0.04131016547706656,0.04991565372199373,4.013466990912493e-06,8.365646794383756e-07,8.784985824639223e-06,1.997885804336751e-06
5,398090.0,0.9642821414839334,0.013051631509053644,0.02265445236163035,3.231079185423553e-06,6.899527188417314e-07,6.2463619118954295e-06,1.6072515429105325e-06
6,398090.0,0.974523849553556,0.014407856446790176,0.011045236661921302,6.30288598028387e-06,1.5581195934015895e-06,1.079138096302172e-05,4.404951222198497e-06
7,398090.0,0.933636416135209,0.024234938248668878,0.04211195155956154,3.836457157279078e-06,1.142557822394526e-06,9.333374500772251e-06,2.3816670877356614e-06
8,398090.0,0.9500364135410154,0.016413544627783053,0.03353996696891272,2.951486822867033e-06,6.15646614185625e-07,4.711553742640743e-06,1.7961750925214046e-06
9,398090.0,0.9707699536612875,0.012447861947464433,0.016777109001501152,9.965574607728076e-07,3.620170783915115e-07,3.1598088156800054e-06,5.570063836047323e-07
10,398090.0,0.9873163452765259,0.0041648951006657475,0.008513595710104859,9.910778592965214e-07,3.450683770597126e-07,3.2663967526050863e-06,5.613696889067268e-07
11,398090.0,0.9604192577175955,0.015591598910910836,0.023985324662265904,8.394686770473512e-07,1.8779977840615504e-07,2.2113140734824454e-06,5.801267259664782e-07
12,398090.0,0.9731330019674315,0.01402716939386555,0.012831032659389357,1.7272905373409873e-06,6.144720685172886e-07,5.214800963896466e-06,1.2394157612940945e-06
13,398090.0,0.961229494056131,0.00857103108428659,0.03019326695338569,1.543357854949565e-06,1.6134773213751723e-07,3.5331041019289157e-06,9.700965286492435e-07
14,398090.0,0.981553564838908,0.0049334413560977565,0.01350605332176791,1.6187879477341032e-06,3.708845215149324e-07,3.920115503416904e-06,1.0306952385406086e-06
15,398090.0,0.9746183265048608,0.008883597255126106,0.0164918099065189,1.4410515468656355e-06,3.773797281471066e-07,3.4515150592573854e-06,9.963871468568408e-07
16,398090.0,0.9395269527521337,0.029001621310360878,0.031455756847664926,3.980584042808918e-06,7.257778436614945e-07,7.47288392640681e-06,3.489844014342694e-06
17,398090.0,0.9183252443566164,0.03176370320599162,0.04986305933942712,1.4188195749735788e-05,3.4678917327539812e-06,2.1394985706792443e-05,8.942024770538422e-06
18,398090.0,0.9765174804787379,0.007777740017462761,0.015699326345527946,1.0856671365314277e-06,3.0544800502039257e-07,3.32822900383275e-06,7.338141219745736e-07
19,398090.0,0.9729295650341643,0.011202923627728647,0.015857406263977348,1.986970051336261e-06,6.666163546077979e-07,6.288988241147173e-06,1.1624994827959953e-06
20,398090.0,0.9678327215255748,0.014564872024226534,0.01759463217998575,1.6768283940097013e-06,5.488048567854833e-07,4.327298972093202e-06,1.221337967456504e-06
21,398090.0,0.9832318136944539,0.00792267919048128,0.008841352794258085,8.716341097272574e-07,3.0532216401941765e-07,2.440512709568819e-06,5.368518360700015e-07
22,398090.0,0.9716687909278312,0.008943302882193818,0.01937689300731286,2.1610546507443895e-06,8.728756953467532e-07,6.329676749205088e-06,1.6495755472787592e-06
23,398090.0,0.9886855163958835,0.0037674768269114196,0.007542958595167018,6.245444552639954e-07,1.7575163996406538e-07,2.7889690927314756e-06,4.5891685465924787e-07
24,398090.0,0.9864787634216456,0.00422966766522322,0.009286958491080547,6.474221198763517e-07,1.6950621957806424e-07,3.4120711888961723e-06,3.814225461817478e-07
25,398090.0,0.9763544437801137,0.01009439731834769,0.013536739240952663,2.674611745832592e-06,1.2556708386369137e-06,8.30979827179624e-06,2.179579753443638e-06
26,398090.0,0.9693411574328943,0.015048704573665792,0.015598674470241334,2.4545249242915265e-06,9.81142933464962e-07,6.482476811892585e-06,1.5453785164520147e-06
27,398090.0,0.9392045091448937,0.021231402675511345,0.03955923358310037,1.3022496334593044e-06,2.2671853944135322e-07,2.7718272168552914e-06,5.53801091983931e-07
28,398090.0,0.9637928137227845,0.010365029943926225,0.025836934213583428,1.1187989001484673e-06,3.2128703522829415e-07,3.2801956450318244e-06,5.018381125578929e-07
29,398090.0,0.9770106602299636,0.00813939842413141,0.014846096374365323,9.776190856272936e-07,1.5891003838646475e-07,2.2034917632916627e-06,5.049506402428936e-07
30,398090.0,0.9719324987331185,0.008513523740243167,0.019544249667151067,2.6041522678082983e-06,5.189687520726583e-07,5.248374851974064e-06,1.356363595374018e-06
31,398090.0,0.9612294996338476,0.017653612869953622,0.02107832205317371,9.073771929518378e-06,3.106933156100263e-06,2.0801279138800053e-05,5.583458794332462e-06
32,398090.0,0.9855309355496151,0.005671736608246143,0.008783884903222435,3.033519827952381e-06,7.138259564923164e-07,7.577774598011625e-06,2.117818556278072e-06
33,398090.0,0.9858372484110194,0.0054007716314772615,0.008755948440188439,7.913189314874897e-07,2.0182859003671054e-07,4.504141787900495e-06,5.342280284040092e-07
34,398090.0,0.9848207081583671,0.006186348395480053,0.00899057996592016,2.3979308588889514e-07,9.018662456135418e-08,1.924019848500359e-06,1.0948065256400568e-07
35,398090.0,0.9376682570071215,0.016011787956742473,0.04631444632622837,1.5696572159917272e-06,2.254864224581128e-07,2.92843430956118e-06,7.851319815666012e-07
36,398090.0,0.9850747753505676,0.005867039968486672,0.00905246245197219,1.1806419504677328e-06,3.0531961910568714e-07,3.2675106766847226e-06,9.68756705721906e-07
37,398090.0,0.9897197664390498,0.004946257176841284,0.005330398840976498,7.639417995485305e-07,2.0720368049916635e-07,2.006544682331655e-06,5.998529701445288e-07
38,398090.0,0.9781652242531625,0.005435136595703347,0.0163977519534579,3.882658208866175e-07,8.157352712302865e-08,1.1158353681581063e-06,3.0152297206642766e-07
39,398090.0,0.9616685921640846,0.0109252020482853,0.027388258927359018,1.843247314995998e-06,6.663173758294941e-07,1.4266909908996874e-05,1.1703856826949687e-06
40,398090.0,0.9608330112508452,0.015624068478164705,0.023530062635040455,2.381386430393418e-06,8.614650991266674e-07,8.325687788790096e-06,1.2890966276353878e-06
41,398090.0,0.9545017879795752,0.014684471430746884,0.030785102923750474,6.691130539142873e-06,2.171271260415472e-06,1.5558459730153417e-05,4.216804405412894e-06
42,398090.0,0.9889564665991815,0.0038583885543058316,0.007181799289485986,5.786844255650773e-07,2.064786548161129e-07,1.8903027006698718e-06,6.700912259358063e-07
43,398090.0,0.9792425629623096,0.0058471950357770665,0.014908829752159567,3.091601888460089e-07,7.262949188634511e-08,8.373508945057351e-07,1.9310918213967034e-07
44,398090.0,0.972033047241417,0.006834758965809923,0.021120696482856034,2.063087092138219e-06,4.58295493600279e-07,7.895544337329973e-06,1.080382982739621e-06
45,398090.0,0.9906379197726003,0.0028111541628503428,0.006547531926598801,6.803236570349752e-07,1.4577626217008474e-07,2.204766793139262e-06,3.6327121093257946e-07
46,398090.0,0.9898610414877494,0.0061561205382089,0.003981361921371058,3.220085870622731e-07,6.671169861531504e-08,7.83806948261422e-07,3.035254572038339e-07
47,398090.0,0.9888074263555322,0.003952818871817443,0.007238233505303248,4.3810006158640736e-07,6.587951451558609e-08,7.756200517919649e-07,2.4166773900953677e-07
48,398090.0,0.9065250322787788,0.024946632677492735,0.06849558317253918,9.069330016320634e-06,2.3615346355476887e-06,1.696220090069238e-05,4.358805664710686e-06
49,398090.0,0.9011256451162538,0.02123507967971366,0.07762615628219584,3.578693625271547e-06,5.19011715230982e-07,7.598173575805162e-06,1.423042909230093e-06
50,398090.0,0.7975121720129299,0.06330133082209376,0.139129145193478,1.6316100888994466e-05,4.0623489813876605e-06,2.8343570543228767e-05,8.629951106128149e-06
51,398090.0,0.9552062599131472,0.013958173295910361,0.03082853003093122,1.8086409080611008e-06,3.445291135812261e-07,3.869547351288768e-06,1.0140426178228231e-06
52,398090.0,0.9336697038775984,0.014747625028429759,0.051577126846051514,1.1878672672055025e-06,2.9453106478296446e-07,3.552213895132799e-06,5.096357055331406e-07
53,398090.0,0.9941292923762394,0.002073649595826634,0.003796856271568475,3.5051896804545115e-08,3.904661871855009e-09,1.18309398915588e-07,4.4490427100867956e-08
54,398090.0,0.9868509462328163,0.005662914641304274,0.0074788514825914415,1.3451197106777197e-06,2.54830414675732e-07,5.00128230820439e-06,6.864108786777648e-07
55,398090.0,0.9491773169483955,0.02536302769030132,0.02545476714836614,1.0332445136953547e-06,1.671000744375792e-07,3.135132526994469e-06,5.527358142290998e-07
56,398090.0,0.9702182857420556,0.011658520313430327,0.018121487641713906,2.477981939885475e-07,4.2395622966434685e-08,1.3032706529003426e-06,1.1283832207414979e-07
57,398090.0,0.7300513321846432,0.07509282093202549,0.1948232861798222,6.604871727430336e-06,1.5140035508636742e-06,2.0897569631632004e-05,3.544258617161907e-06
58,398090.0,0.9119041544923456,0.0453593741161532,0.042699467629201224,7.410628490152015e-06,1.692975561980533e-06,2.136098628492855e-05,6.539171941732866e-06
59,398090.0,0.9680848128358588,0.009543134129482952,0.022357271635846148,3.885243631892483e-06,4.771261874385098e-07,8.719300028780033e-06,1.699728973941402e-06
60,398090.0,0.923639729741715,0.034154508316626905,0.042117046671399934,2.2560565974297055e-05,6.4244731653126145e-06,4.701217780074144e-05,1.2718053323701507e-05
61,398090.0,0.9885009038126099,0.0031991202036830814,0.008296794369371861,7.145600170085921e-07,1.4156015980775028e-07,1.7051077210825151e-06,6.203864168353544e-07
62,398090.0,0.9783339535426379,0.006228385930762094,0.01542972509077705,1.4642872128841314e-06,5.728177549411609e-07,4.982016280887066e-06,9.163145729301245e-07
63,398090.0,0.9961658982767378,0.0013815631648115801,0.002451587424389342,1.617091501316098e-07,3.357959712375072e-08,6.053272908465383e-07,1.5051799717235232e-07
64,398090.0,0.9837743179606733,0.007893472810861397,0.008330207788447603,5.775899445285989e-07,7.331155500295902e-08,1.0994147232105122e-06,2.5112381142301566e-07
65,398090.0,0.972862417094299,0.005595634292881062,0.02153913302302446,4.953292820356145e-07,1.3313398859763475e-07,1.8729513827297298e-06,3.141751453295894e-07
66,398090.0,0.977101493785888,0.008454844094246183,0.014436873670462976,1.4135556849256502e-06,4.0891365269504155e-07,4.043373507590865e-06,9.226065778583962e-07
67,398090.0,0.9925815553306152,0.00227435481142446,0.0051423831675175315,2.996466196825546e-07,6.77986050737135e-08,1.1628942538718073e-06,1.7635098223989522e-07
68,398090.0,0.9889968868185975,0.00355540174233535,0.007446376286714436,2.4100687772782387e-07,7.023870390400852e-08,8.4369329242005e-07,1.8021349451891538e-07
69,398090.0,0.9750588427471477,0.008784573846682655,0.016153108156694865,8.733896036695365e-07,2.1671726211883977e-07,2.0033966639983923e-06,3.8174593494716e-07
70,398090.0,0.9514630876986968,0.021740155178346182,0.026791098080088865,1.5934871612448313e-06,2.541917928354861e-07,2.9446022313357743e-06,8.667617018868711e-07
71,398090.0,0.9841528849695711,0.009491997329757357,0.006353885296570845,3.4339728476583103e-07,5.890521298751552e-08,6.708441551802388e-07,1.5925746725672177e-07
72,398090.0,0.9898711455266527,0.003706472157097795,0.0064209967493743594,2.9047413789782216e-07,3.948673358706153e-08,6.324176534617752e-07,4.231883747509506e-07
73,398090.0,0.9638993194615026,0.01279971158801399,0.0232881363288597,2.484601030574236e-06,9.209666158171683e-07,7.965135516576182e-06,1.4619184456344982e-06
74,398090.0,0.9440876630707774,0.019526148101305922,0.03636828836149566,4.439835048917519e-06,9.009576529101455e-07,1.0180800280720574e-05,2.3788734116453845e-06
75,398090.0,0.9658607769272852,0.010533359689656263,0.02360017898612916,1.1732208224125412e-06,2.1507320517533213e-07,3.665445960280064e-06,6.306569356106612e-07
76,398090.0,0.9799510008922001,0.007389129235892253,0.012641179888115733,3.058450122063746e-06,1.032623373043111e-06,1.1442304299846241e-05,3.1566059863628366e-06
77,398090.0,0.9837219207307387,0.004546780519111755,0.011726466816726526,1.032972838018739e-06,2.633632318019933e-07,2.809560227546084e-06,7.260371078501115e-07
78,398090.0,0.9813535051431183,0.005456852830118229,0.013181566368156738,1.641772177544564e-06,4.804958280814611e-07,4.957460610852491e-06,9.959300100826017e-07
79,398090.0,0.9843482521318805,0.005199963168648335,0.010449246492888106,5.15356465538594e-07,1.4001487332925808e-07,1.617551576845612e-06,2.652836851466309e-07
80,398090.0,0.9646624366126587,0.007261280364079061,0.028074528754803856,3.6667375958399504e-07,9.219262224352805e-08,9.846513169632572e-07,3.107507755459554e-07
81,398090.0,0.9667389932976058,0.011757072358562024,0.02149392921931625,2.349338990309857e-06,5.066933848713412e-07,5.446977217877436e-06,1.7021149214801965e-06
82,398090.0,0.9871029123229286,0.004468941042267257,0.008424601843095104,7.637660718919506e-07,2.642837129597923e-07,1.9049145750245155e-06,6.118273646534755e-07
83,398090.0,0.9815408533481196,0.005378200250405948,0.013071622010005782,2.4388691138554835e-06,4.7075525225971554e-07,4.827517222326131e-06,1.58724987395153e-06
84,398090.0,0.9879909750992272,0.0048790762039960895,0.0071289008037245276,2.71895397139369e-07,5.940973223887639e-08,6.158746810392301e-07,1.0071321804436391e-07
85,398090.0,0.9582702012062576,0.013856111422834026,0.027868273779466123,1.209150650539425e-06,2.840650822695423e-07,3.2192522366068248e-06,7.011234653334587e-07
86,398090.0,0.9779884426503628,0.008023698776203363,0.013984401311258018,7.522310289840237e-07,1.4575050743553818e-07,1.929137752366688e-06,6.301429042447093e-07
87,398090.0,0.9946274550772974,0.002634394946916683,0.002735642890225103,5.024843550261925e-07,1.1964068869616056e-07,1.045724398699087e-06,8.392361395461563e-07
88,398090.0,0.932771921144258,0.010266951582300683,0.05695335180310192,1.6859563105230178e-06,3.853484880523834e-07,4.6723304621919985e-06,1.0318350838238794e-06
89,398090.0,0.9753991385057794,0.00947677502355645,0.015119618914349665,9.870051800222774e-07,2.3424809784247252e-07,2.588443100467184e-06,6.57859920298522e-07
90,398090.0,0.9933602646447259,0.0016467739206050666,0.004992348816503932,1.3969770548627754e-07,2.4890511575231163e-08,3.834610247121351e-07,6.456894616007449e-08
91,398090.0,0.9754157782256972,0.009407611621318077,0.015169204955888424,1.3151760247617268e-06,3.560274010865897e-07,4.495400356574519e-06,1.2385933184022574e-06
92,398090.0,0.9680490088234331,0.0070506924503470104,0.024894624526731364,1.1906425001547805e-06,2.580861721293359e-07,3.876509029507459e-06,3.4896176041917337e-07
93,398090.0,0.9669829050760481,0.01190410013063061,0.021101336707528517,2.6871239252556074e-06,8.611052965663941e-07,6.256389988579517e-06,1.853466580446378e-06
94,398090.0,0.9866456770493723,0.0038754452528787843,0.009475667881192019,6.362305224805517e-07,1.597396128914921e-07,1.9658038416399746e-06,4.4804257214471986e-07
95,398090.0,0.9793744712129986,0.0075334510994888165,0.013086150528165403,1.329031940457402e-06,2.8185889241359493e-07,3.447893353481887e-06,8.683751746590739e-07
96,398090.0,0.9757358183596629,0.012278771076932905,0.011969796730565885,3.454135944980897e-06,1.118153454391487e-06,7.634409065019627e-06,3.4071343865724032e-06
97,398090.0,0.9350779641534027,0.03185283983996061,0.033039752277390234,8.498303809212218e-06,2.0736825250989904e-06,1.2574873480881604e-05,6.296869438487627e-06
98,398090.0,0.9288565977524786,0.019150672843839384,0.051984096433300125,1.9740088679263103e-06,6.289648030080941e-07,5.093311757341453e-06,9.366849663061406e-07
99,398090.0,0.9875275380363158,0.006375657814588646,0.006095649274866803,2.4958763549596066e-07,5.587408150084171e-08,6.239226520921596e-07,2.2548985889679582e-07
100,398090.0,0.9194186267224852,0.029654305584255494,0.050919866075719626,2.0644676596400244e-06,2.8292511817865574e-07,3.648461938949653e-06,1.2057628508925092e-06
101,398090.0,0.9796489616587015,0.010213947238407827,0.010121059711439256,3.470302480768989e-06,6.646353235077682e-07,6.782239052606444e-06,5.114214598328497e-06
102,398090.0,0.9899027047511867,0.0037556132618594544,0.006336764400533126,9.568966093916502e-07,2.4684413625908416e-07,2.8518022170924196e-06,8.620434417977514e-07
103,398090.0,0.9889899396379569,0.0036768308710273738,0.007328743807186837,9.227653779370572e-07,2.6416016950117344e-07,2.6098717777196246e-06,6.88886510646992e-07
104,398090.0,0.9929971489827037,0.0029248701998406857,0.00407668371299219,2.946763796023706e-07,7.596559716096359e-08,7.739289296669523e-07,1.5253357379660348e-07
105,398090.0,0.9941278607260887,0.002353615018949319,0.0035169289342025217,3.3342624227116496e-07,1.1360170054312815e-07,9.081540766444075e-07,2.401387173366043e-07
106,398090.0,0.994560610809107,0.0013237741071927987,0.0041117209069411725,2.6629908836094056e-07,6.096581789255279e-08,3.3626359953835213e-06,2.0427588346846515e-07
107,398090.0,0.9953948861777908,0.0014613947345452633,0.0031407574748734276,2.3564261796870592e-07,5.98849591973668e-08,2.492495847186609e-06,1.735893922049508e-07
108,398090.0,0.9896059061856091,0.004525037068586549,0.005865835403696616,7.813561231538226e-07,1.6201574098780453e-07,1.9017948794476788e-06,3.761753921755951e-07
109,398090.0,0.9855514793903047,0.00474062553192595,0.009704673194622563,6.820653699924644e-07,1.4342396517950913e-07,2.029913896775029e-06,3.664798866031048e-07
110,398090.0,0.981223070501236,0.008932587773440744,0.00982801397410327,4.281810714893526e-06,9.633236742958992e-07,8.162756352676361e-06,2.9198604876639765e-06
111,398090.0,0.9789188829963404,0.00645857855393806,0.014609810550089116,3.487863507784006e-06,7.325916463785262e-07,6.417452061106691e-06,2.0899924293063132e-06
112,398090.0,0.9761302951689066,0.009472563685531909,0.014370488136852667,3.188752456297286e-06,9.583270690509855e-07,2.043602653767778e-05,2.069902639789678e-06
113,398090.0,0.9933365116232926,0.0029023312750055302,0.003759906657258161,3.0776419981476595e-07,6.05132039985641e-08,6.370220371716842e-07,2.451449773778483e-07
114,398090.0,0.9760446809496444,0.007683316440244534,0.016263002212112694,2.280205368014188e-06,5.140271012941259e-07,4.663849465374355e-06,1.5423160445775793e-06
115,398090.0,0.9468205603750345,0.012990166355919392,0.04018573279968324,8.296761353036714e-07,1.4781068448249587e-07,2.1537322149849032e-06,4.092503205980738e-07
116,398090.0,0.9529713473641928,0.02103149069514514,0.025968725965078765,6.875140376854355e-06,2.5437865667254057e-06,1.5257398998349686e-05,3.7596496165082163e-06
117,398090.0,0.9464600583542829,0.016816585757029996,0.0367112998673815,2.5259103581934165e-06,8.525407122833021e-07,6.853863778591329e-06,1.8237064698808853e-06
118,398090.0,0.9233223703440095,0.036468745339511124,0.04019072500330461,3.7222489381176385e-06,9.954253034101016e-07,1.1701416080724539e-05,1.7402228668760699e-06
119,398090.0,0.9670944984338464,0.01363289606747423,0.01926262383774581,2.1591826572690394e-06,6.563010935101664e-07,5.718223591187192e-06,1.4479535716268332e-06
120,398090.0,0.9329543333444946,0.0385875447444865,0.02843732626715579,5.046273242139723e-06,1.1764882303431328e-06,1.1609623002357021e-05,2.963259405229179e-06
121,398090.0,0.7574706654868679,0.10831746792510344,0.13419552452840233,3.4587789859572854e-06,7.82037649659024e-07,9.90762274069091e-06,2.1936202265416436e-06
122,398090.0,0.9487492131654738,0.013506972317856115,0.03774037734152698,5.088180131192702e-07,1.1174020914903817e-07,2.448388138001027e-06,3.682288058621499e-07
123,398090.0,0.7959570442912045,0.07354543738172903,0.130483445573388,3.002238263904414e-06,5.876709267819037e-07,9.14984239915479e-06,1.3330021157774673e-06
124,398090.0,0.7942275565874873,0.06660135842948928,0.13913636184681175,8.024392170483953e-06,1.7730422345337084e-06,2.0727899584575803e-05,4.197802194457046e-06
125,398090.0,0.8476129372821681,0.03689420867862506,0.11548403150046532,1.9949635330670784e-06,2.8266299548807587e-07,5.385283648491199e-06,1.1596285610205713e-06
126,398090.0,0.9881296068335623,0.004843069545863905,0.007022434402718704,1.1110128507426792e-06,2.1655174296172045e-07,2.6527977224042382e-06,9.088555397095399e-07
127,398090.0,0.9943821907009578,0.002875394569988647,0.0027409398687925075,3.5914368881600127e-07,8.475582558079778e-08,8.201011153494144e-07,2.108596398016058e-07
128,398090.0,0.9916034088470803,0.0033313307951102476,0.005060000363223004,9.214249380952204e-07,2.5942589273010673e-07,3.292349035061274e-06,7.867947488761353e-07
129,398090.0,0.9778820131603099,0.010053021813900413,0.012060684745364082,9.921470226416254e-07,2.58814029073811e-07,2.3981408722236036e-06,6.311784901299324e-07
130,398090.0,0.9658121948421328,0.009119490691681626,0.025057422106163456,2.6328874019258614e-06,5.138092974390069e-07,5.557170685961478e-06,2.188492645112839e-06
131,398090.0,0.9903917487210186,0.00478587493812776,0.004817520874040125,8.775298213283009e-07,2.2405320397267223e-07,2.993521089316967e-06,7.603626790598424e-07
132,398090.0,0.9821783223321267,0.009323272596919547,0.008487446201477566,2.791470095855111e-06,5.964540352965617e-07,5.782975619997134e-06,1.7879697200767153e-06
133,398090.0,0.9916760267204199,0.003653623423989502,0.004669133111229401,1.5803010832562833e-07,2.470483007650918e-08,9.534528043519158e-07,8.055659429489821e-08
134,398090.0,0.9825768602702537,0.006285132040528236,0.011135206135000441,5.437073248397035e-07,1.5805145909706605e-07,1.7314024196252124e-06,3.683930157465787e-07
135,398090.0,0.9452322205099255,0.019090563516391088,0.035639557776254126,5.892911458469023e-06,1.7477412644575937e-06,2.581382198609512e-05,4.203722720681419e-06
136,398090.0,0.9564648571263679,0.021406152049809054,0.022116203175784763,2.8242635572036793e-06,6.2176932239203e-07,7.454120709811739e-06,1.8874944676405772e-06
137,398090.0,0.9514845179608883,0.01947493875734399,0.029019443198199185,3.823381868285805e-06,1.0536392100479957e-06,1.4053361298660983e-05,2.1697011754927206e-06
0,514809.0,0.9939279161998631,0.005602005820883662,0.0004638765766726947,1.6544288233265198e-06,7.064704499871366e-07,1.4702321725110886e-06,2.370271135036484e-06
1,514809.0,0.998418023272655,0.0013833020163979287,0.00019593449660299658,7.197319312010825e-07,3.16035112810648e-07,8.987077802739579e-07,8.057394923148259e-07
2,514809.0,0.9988754030907496,0.0010215069939736345,0.00010180804138920718,3.76146212420967e-07,1.864037734817247e-07,3.9852878462989144e-07,3.207951094893204e-07
3,514809.0,0.9983082785311324,0.0015210861927870988,0.0001651966783580254,1.502612410644286e-06,7.537387648045594e-07,1.5244764609019646e-06,1.6577700840031708e-06
4,514809.0,0.998169295433497,0.001607707245610906,0.00021788148325864248,1.302647369761542e-06,7.054535854850413e-07,1.3004399659233808e-06,1.8072966970077627e-06
5,514809.0,0.9984948873019107,0.001201324769268589,0.0002983136982570418,1.2317304930336488e-06,6.371111224537927e-07,1.499028799703573e-06,2.106360175606507e-06
6,514809.0,0.9993262874558786,0.0005893311473959906,8.286003347683943e-05,4.1278934104946135e-07,1.9244182748466373e-07,4.5168428691284605e-07,4.64447766515016e-07
7,514809.0,0.9970801373661523,0.0025009857418865343,0.000409826133461536,2.2461433812643434e-06,1.1082679426737163e-06,2.583594051654954e-06,3.1127531212282836e-06
8,514809.0,0.9975314131972464,0.002103679025081504,0.00035869597645298403,1.4675300195508618e-06,9.509864176514126e-07,1.873219582089071e-06,1.9200651849707688e-06
9,514809.0,0.9990526772038426,0.0008843220343942342,6.242497549007656e-05,1.7256857579850784e-07,7.269476464621263e-08,1.9137675146443894e-07,1.3914620491090987e-07
10,514809.0,0.9994451045320357,0.0004980809948416796,5.519367620338845e-05,3.4949200061261376e-07,1.7661914360063116e-07,4.469323568692333e-07,6.477534457300444e-07
11,514809.0,0.9986458329444853,0.0011861097140669057,0.0001635373220934485,1.2905835917665437e-06,5.636481906128573e-07,1.1055227416487934e-06,1.5602648562546392e-06
